Accuracy : 99.98880053757419
Loss: 0.06126003787575629
F1- score: 0.9998843923089271
Recall: 0.9999999999866492
Precision: 0.9997760107381332
Validation accuracy: 0.9860022396182959